5.28 221
2.65 29294
20.16 63
34.66 4
25.86 6
23.97 1
22.03 3
73.45 1
2.79 6229
9.45 1136
10.01 61
25.56 7
20.28 5
30.03 2
40.48 1
19.64 1
38.32 2
49.18 1
4.76 11900
3.24 6224
2.49 4932
7.51 30
74.42 1
27.86 3
36.13 1
26.92 3
6.4 36
2.28 941
6.33 289
14.3 61
27.45 4
14.43 4
16.01 1
29.94 3
8.56 797
1.33 4689
5.95 5267
17.36 70
32.6 2
10.42 5
4.0 33739
8.73 295
2.17 19
0.68 11
23.25 11
17.13 4
15.59 4
13.97 2
65.92 1
12.28 33997
14.04 34
3.42 1443
6.74 86
37.1 1
32.75 1
11.03 1
36.71 1
61.93 2
4.08 7291
12.1 391
3.9 74
16.96 74
23.01 3
8.13 5
17.73 6
13.36 272
22.54 1
37.38 2
26.75 4
32.38 3
78.72 1
5.26 7945
21.22 3
25.88 7
20.18 5
10.13 3
30.15 3
100.8 2
34.68 2
75.89 1
50.35 1
4.84 197
7.89 589
17.95 63
16.9 31
7.63 21
125.0 7
29.47 1
56.16 1
2.58 15017
8.92 31
6.21 93
23.0 31
36.06 6
111.0 4
14.51 6
2.26 86021
8.42 20
17.22 5
43.89 1
8.1 219
6.05 3220
3.73 68
19.58 24
14.75 47
36.26 1
24.69 4
17.7 46
7.24 30
3.56 32324
11.71 53
12.38 147
18.07 6
51.17 1
9.68 999
1.15 303
10.24 7
21.73 7
19.09 3
120.0 6
30.8 6
25.77 2
33.05 1
129.5 1
4.19 204
29.16 8
37.28 2
22.44 3
16.83 1
23.72 1
43.1 1
4.29 3686
0.54 601
10.8 221
22.7 18
19.36 45
15.47 2
32.08 4
1.7 33427
4.48 176
18.61 5
198.0 1
33.6 1
26.42 2
24.04 1
46.08 1
7.71 60
14.82 39
12.44 34
17.83 11
13.5 84
76.6 1
1.67 1114
13.26 173
15.82 53
0.11 287
49.65 1
20.4 9
5.63 34
20.55 25
24.28 6
112.55 1
34.3 1
45.18 1
49.7 1
35.48 1
40.35 1
40.2 1
9.35 1011
0.32 34
11.94 87
28.76 2
30.33 1
48.16 1
5.7 4027
3.01 30
19.48 9
36.32 1
12.81 2
9.29 3
0.89 198
6.14 982
15.7 126
14.64 38
7.13 6
24.78 3
36.51 1
32.55 4
46.96 2
27.26
